    'Algorithme  \  p'    [0.2000]    [0.4000]    [0.6000]    [0.8000]
    'Witness'             [0.0148]    [0.0112]    [0.0074]    [0.0037]
    'UnbiasedWitness'     [0.0085]    [0.0062]    [0.0041]    [0.0020]
    'PerUserAverage'      [0.0149]    [0.0111]    [0.0075]    [0.0037]
    'BiasFromMean'        [0.0086]    [0.0062]    [0.0041]    [0.0021]
    'PlainSVD'            [0.0940]    [0.0490]    [0.0221]    [0.0084]
    'ShiftSVD'            [0.0106]    [0.0065]    [0.0037]    [0.0016]
    'UnbiasedSVD'         [0.0087]    [0.0060]    [0.0036]    [0.0016]
    'UserCosSi'           [0.0094]    [0.0083]    [0.0076]    [0.0070]
    'ItemCosSim'          [0.0091]    [0.0077]    [0.0062]    [0.0049]
    'SlopeOne'            [0.0086]    [0.0062]    [0.0042]    [0.0020]
    'WeightedSlopeOne'    [0.0085]    [0.0062]    [0.0041]    [0.0020]
